1 10
100 200
201 210
900 1000
10 1
97467 66601 
573317 570492 
298490 295499 
103348 32172 
741222 739299 
66249 86990 
40743 53144 
14412 59479 
110294 11017 
110991 76376 
97 424 
22 293 
61 269 
45 90 
86 93 
71 249 
59 102 
69 212 
62 212 
82 170 
472789 47462 
586188 287032 
256505 67973 
330008 97997 
562856 133630 
39853 516668 
545920 634490 
483600 293431 
190172 614192 
480015 284342
4 999 
999 9999 
99 999 
9999 99999 
555555 555555 
100 300 
300 500 
500 700 
700 900 
900 1100  
3452 7654 
1241 63677 
457 25363 
4336 7584
263 754 
363 785 
3456 9 
235 7 
63546 99 
35463 5885
727188 727165 
432865 432895 
498232 498207 
401702 401660 
71355 71323 
358224 358250 
335919 335924 
654398 654507 
741302 741292 
867599 867716 
1 1
2 1
3 1
1 2
1 3
614 880
37 858 
448 95 
909 729 
809 808 
677 490 
707 452 
657 315 
816 657 
851 989
715 927
734 802 
870 956 
665 674 
397 682 
215 391 
340 514 
67 509 
277 239 
793 555
49 112 
17 230 
67 379 
16 138 
30 334 
24 34 
28 500 
84 492 
18 398 
3 127